                                                                                                 
                                                                                                 
                                                                                                 
                                                                                                 



















                                                                                                 
                                                                                                 
                                                                                                 
                                                                                                 
                                                                                                 
                                                                                                 
                                                                                                 
                                                                                                 
                                                                                                 
                                                                                                 
                                                                                                 
                                                                                                 
                                                                                                 
                                                                                                 
                  2                                                                              
                                                                                                 
                                                                                                 
                                                                                                 
                                                                                                 
                                                                                                 
                                                                                                 
                                                                                                 
                                            
                                                                                                 
                                                                                                 
                                                                                                 
                                                                                                 
                                                                                                 
                                                                                                 
                                                                                                 
                                                                                                 
                                                                                                 
                                                                                                 
                                                                                                 
                                                                                                 
                                                                                                 
                                                                                                 
                                                                                                 
                                                                                                 
                                                                                                 
                                                                                                 
                                                                                                 
                                                                                                 
                                                                                                 
                                                                                                 
                                                                                                 
                                                                          2222                                    
                                                                                                 
                                                                                                 
                                                                                                 
                                                                                                 
                                                                                                 
                                                                                                 
                                                                                                 
                                                                                                 
                                                                     
                                            
                                                                                                 
                                                                                                 
                                                                                                 
                                                                                                 
                                                                                                 
                                                                                                 
                                                                                                 
                                                                                                 
                                                                                                 
                                                                                                         
                                                                                                       
                                                       
                                                      
222222    2                                            
 2222222222222                                    
   22233222                                                                                      
     2222222                                                                                                
    22222  33333333333333333333                                                                            
                                                                                                 
                                                                                 
   3                                                                  
                                                        333333                 3       333
                                                      33333333           
                                                     333333333                                   
                                                   333333333                                     
                                                     33333
                                                       3                                         
                                                                                                 
                                                                                                 
                                                                                                 
                                                                                                 
                                                                                                 
                                                                                   2222222  
                                                                                  22222222 
                                                                                  22222222  
                                                                                                 
                                                                                                 
                                                                                                 
                                                                                                 
                                                                                                 
                                                                                                 
                                                                                                 
                                                                                                 
                                                                                                 
                                                                                                 
                                                                                                 
                                                                                                 
                                                                                                 
                                                                                                 
                                                                                                 
                                                                                                 
555555555                                                                                       
555555555                                                                                       
555555555                                                                                       
555555555                                                                                       
555555555                                                                                       
555555555                                                                                       
555555555                                                                                       
555555555                                                                                       
555555555                                                                                       
555555555                                                                                       
555555555                                                                                      
555555555                                                                                       
555555555                                                                                       
555555555                                                                                       
555555555                                                                                       
555555555                                                                                       
555555555                                                                                       
555555555                                                                                       
555555555                                                                                       
555555555                                                                                       
                                                                                   
                                                                                                 
                                                                                                 
                                                                                                 
                                                                                                 
                                                                                                 
                                                                                                 
                                            
                                            

